I
1000 Generated by WorldEditor 1.6.1r1

17      0 1 0 SUAS SUAS
102 H01 -34.86877103 -056.16582797   0.00 30.00 30.00 2 0 0 0.00 1
1300 -34.86876830 -056.16582465   0.00 misc helos H1

17      0 1 0 SUHP SUHP
102 H01 -34.86777288 -056.16030544   0.00 25.00 25.00 15 0 0 0.00 0
1300 -34.86777292 -056.16030490 313.03 misc helos HP1
19 -34.86760938 -056.16006985 0 New Windsock 33

17      0 1 0 SUTE SUTE
102 H01 -34.88548414 -056.19514257 265.98 15.00 15.00 15 0 0 0.00 0
1300 -34.88548369 -056.19514212 294.31 misc helos UTE

17    433 1 0 SUWT SUWT
102 H1 -34.90276846 -056.13440474 257.30 24.20 22.40 15 0 0 1.00 0
1300 -34.90276606 -056.13439651 346.51 misc helos WTH
99
